,A,B,C,D
2013-01-01,0.5448821627258866,-1.1720493547310085,-0.22612020713322062,-1.0207583076746531
2013-01-03,-0.5172827325017253,0.45234213619222124,-0.42101463279509155,0.05655859319429352
2013-01-05,-1.0635752267041176,-0.2381665692064201,0.8340485960236967,0.9417144246245039
2013-01-07,-0.553273874933297,1.0945460552025241,-0.0775650998567311,-0.43151301875235076
2013-01-09,1.411867113168961,-0.16994878480097086,1.3444692750294862,0.9634156980190975
2013-01-11,-1.2957410878848106,-0.10851925269863,0.28763846577869406,0.0874377587055965
2013-01-13,0.6647320961360081,-0.4381243211081006,0.5913705721183089,0.7458759658762226
2013-01-15,0.8018029070677174,0.06975649536041612,-0.36356271458392997,0.017983762023561556
2013-01-17,1.0747461177399822,0.6058108114510219,-1.862421580728471,-0.0191563067792051
2013-01-19,0.23247758404524377,-0.6514838828641506,0.04861188024296875,-0.7024163504059816
2013-01-21,-0.6149370604518184,-0.06978977625106206,0.3602262411497944,-0.4352552881841512
2013-01-23,-0.5951134066052806,-0.4264034998083012,-0.11554425043673822,-0.561643543094574
2013-01-25,0.1299955793147528,-0.33493950889235724,-0.09671500386713873,-0.0007755738470276441
2013-01-27,-0.42331744796409143,0.1173838508475786,-0.003751967351579011,-0.14606323732317555
2013-01-29,-0.24653380590868446,0.30329000115766186,-0.27586278491441024,-1.6247333465251435
2013-01-31,1.4750960848895236,-1.4602331759157483,-0.10031421465412875,-0.15223787011606868
2013-02-02,-0.7266320442982656,0.48926008196432896,-0.08348586081061093,-0.45833131528778576
2013-02-04,-0.019476398947428808,-0.8035024941167427,-0.3378259677261626,-0.6778565243168518
2013-02-06,-0.5808738499545175,0.3599609467280179,0.6072534452997426,-0.030440685714473614
2013-02-08,-0.6961606943557985,0.27042968894756464,-0.3174915311172936,-0.8618950641961289
2013-02-10,-0.686329205274786,0.3146703472548511,0.0066285140663682185,-0.5841234181216385
2013-02-12,0.15211095914065625,-0.051853214533088,-0.13561241946272837,-0.20270051225862018
2013-02-14,-0.5694009254935422,-0.3619782245851533,0.8977618305275199,0.5467919669508406
2013-02-16,-0.617168891835839,0.3993993668581572,0.7845289635564474,0.19858225969508914
2013-02-18,-0.4397780878175491,1.2919631832550533,1.2841094975079985,-0.5997994525649883
2013-02-20,0.8752587654576847,0.39923985995657707,-0.4752554023440798,0.7969392623222047
2013-02-22,-1.4835650529625117,-0.6247695852806283,0.291400337241182,-0.6313129851611459
2013-02-24,-0.1916490840943752,0.8653127310615334,-0.5692062281360678,-1.5694048763397666
2013-02-26,0.20726954956208088,0.13852760856871138,-0.6022740148189936,-0.3574479854989446
2013-02-28,1.7122832345016712,0.27217308645065663,0.3386268308041208,-0.9564574574666791
2013-03-02,-0.5196241416828353,-0.3277889085431764,0.6230832729109057,-0.07857137862063157
2013-03-04,-0.4234522942054652,-0.41479244955706457,-0.4632789437909848,0.04635395096015754
2013-03-06,0.1812415964353527,-0.5360985101646704,-0.24083733979219124,-0.6707574256087979
2013-03-08,0.4085044429132863,-0.12130337832080665,0.6397666217588109,-0.6253960015070387
2013-03-10,-0.15414697008501732,0.7446790010477525,0.5205132974509027,1.4919306189108659
2013-03-12,0.8964348480711635,-0.6604176040834429,0.34498706705083426,-0.2090011655452059
2013-03-14,0.025009926889697276,0.12231053323683955,0.08450979548299747,0.8239583701839575
2013-03-16,-0.17202211714847954,0.1865502927524539,0.033958128132135335,0.7510205800213217
2013-03-18,-0.1551733612515963,-0.2665392942635516,-0.8338020953470773,-0.35651982477980226
2013-03-20,1.1295097305318356,0.09649049466070472,-0.034240238639863446,-0.6973859794729216
2013-03-22,0.3447982974001305,-0.14565897868339206,0.997993011388781,0.029611465999505093
2013-03-24,1.035477041251049,0.49152310234370666,0.29906718220698486,-0.32792789607619005
2013-03-26,0.9341524592916733,0.9557012861789156,0.01987669026280081,-0.10676362263845603
2013-03-28,-0.47023590991745456,-1.3613047949362949,0.5773650202012595,-0.07809115460120299
2013-03-30,1.470590417845707,0.024928380902243766,-0.6249774112799138,0.7194441538420566
2013-04-01,0.4680438840648096,-1.1508323134961553,0.0684306970137114,1.0492688025461432
2013-04-03,1.6629410967643654,0.8520510877669035,0.23861140562731478,0.7206237272383607
2013-04-05,0.29130368129997103,-0.20359165204913787,-0.5065297745686119,0.46220744933372077
2013-04-07,0.49177166218035884,-0.0376431241553532,-0.23813681831979155,-0.16641876964426705
2013-04-09,-0.46267998169093294,0.0938131235073153,-0.5112372865488742,0.09268763130824353
2013-04-11,0.10329830847172461,-0.1027762600629435,-0.036320919467781154,0.216202173271426
2013-04-13,1.528413320693034,0.39084970353090487,0.49199437058887463,0.18178487101773058
2013-04-15,-0.5644541616653318,-0.7891668267764196,0.3065387353604211,-0.5902629165447009
2013-04-17,-1.0358974955998732,-0.42154364675628975,0.12363611128446086,-0.2665477983283817
2013-04-19,-0.5149119179337344,-0.15261426581464782,-1.285337742990559,-1.0219212078898599
2013-04-21,0.2719841105363034,-0.21155211077297087,0.226308100540335,-0.17786540966465553
2013-04-23,-0.14744121089137133,0.37780116217419946,0.2850360884305005,0.08860329563197393
2013-04-25,0.09804796181585182,-0.1054059640601594,-0.5081132595293462,0.11097754817234863
2013-04-27,0.5293651721742165,-0.734183050943206,-0.535639173019976,-0.6868097211190158
2013-04-29,-1.3252680075235124,-0.802216037951673,0.1995570725174384,-0.7180531231537758
2013-05-01,-0.23156168430009774,0.6458092727497886,0.1847629428772593,0.26742447722077656
2013-05-03,-1.6817158089358313,-0.09237539581227958,-1.5326314739630653,0.34799886079031156
2013-05-05,-1.039295332349076,0.3956360358388082,-0.006700740268325189,0.8388821769533142
2013-05-07,-0.30844738947417233,-0.319013013782846,-1.0250025242251444,-0.10817738159074651
2013-05-09,0.9353338949936756,-0.9529158231040892,-0.9803986335620298,0.192707235884246
2013-05-11,-0.9332761169922358,-0.7013824732830622,-0.34591030684640856,-0.6303648381444564
2013-05-13,-0.791194167301081,0.3468707074365667,0.6111390085272508,0.0783573902015155
2013-05-15,-0.5196817948380947,0.1011761918489438,-1.0159587648077457,0.46728695288482885
2013-05-17,0.9494924377570118,0.8949976115742695,-0.4549156968819984,0.6711949653700249
2013-05-19,-0.16364386674433917,-0.4515767798797669,-0.4684448566720427,0.06959754282894848
2013-05-21,-0.5994363522949441,-0.28411178270181836,-1.7476438590342713,-0.19463964464719485
2013-05-23,0.774993305219529,1.22885375367792,0.5418197892807317,-1.920466293786814
2013-05-25,-0.7466787090674784,-0.6454401088140749,-0.8794492985489266,0.7268018074872203
2013-05-27,0.15660988477366256,1.007497621674642,-0.07173015122515573,-0.21032966166221095
2013-05-29,-1.486164211597917,0.3191290274158216,-0.012805750501712093,0.8045791677616254
2013-05-31,-1.804276737025614,0.8191298001797109,0.7562611279936026,-0.18793705437636193
2013-06-02,-0.3157510139747881,1.0438841172784934,0.1058987823968478,-0.49661670947175607
2013-06-04,0.9971505871224193,0.29183051814750915,0.9408256961513548,-0.8973628584521125
2013-06-06,-0.1453872465818913,-0.6657430523076158,0.038556587601630644,0.5665127686215057
2013-06-08,-0.8776889123699523,0.769667800274634,-0.978898387840775,-0.4721422233806706
2013-06-10,1.0192924831201389,0.8082989971240649,-0.6594263237411297,0.41380796087755345
2013-06-12,-0.5750327040713619,-0.6646970797419871,0.10023534352314967,0.7028812041732861
2013-06-14,0.6854960844068688,-1.4096301674466996,-0.7394300385631777,0.7472904454808575
2013-06-16,-0.5739070185041251,-0.04021599395528666,-0.09584900326893186,0.4323316353032025
2013-06-18,-0.04791273060203935,-0.4444905333775994,-0.078643508725311,-0.18796679137367095
2013-06-20,-0.2781978826226784,0.5666875255044741,-1.596281477324533,-0.2837769077671858
2013-06-22,0.04438375485953973,-0.5390992830021714,0.4873236929651885,-2.181757536926562
2013-06-24,-0.10831875270368696,-0.1118664597937587,-2.1219841674979967,-0.1312623602365387
2013-06-26,1.405874517651617,0.03390206560656625,-0.09301178909196761,-0.2342936893833029
2013-06-28,0.7319889201601065,1.162529806770926,-0.14376278264025183,-0.8856131709541644
2013-06-30,-0.39057695744807874,0.13469214573268706,0.7697405655436071,1.2197793138575916
2013-07-02,1.2463238392193339,-0.8428971830753658,0.3703783447384135,0.6883546166146702
2013-07-04,-0.129058286165343,-0.22222206918380077,-0.45872956652704605,-0.5616002364026599
2013-07-06,-0.09332207911758822,1.3215114549404494,-0.04037019047985524,0.7046705917306387
2013-07-08,-0.6271338850503441,0.3976633674687956,-0.986919446723652,1.1728800792600718
2013-07-10,0.13140442425142376,1.048209375460534,0.5422006126325972,0.10756994744260734
2013-07-12,-0.9148574667010037,0.4913204223205395,0.17150041087486562,0.9382967266381657
2013-07-14,0.45500760403436513,0.5269920924567685,1.115209355375324,-0.8167481430062322
2013-07-16,-0.04070133263947585,-0.17661218799810097,-0.35715378987099783,1.2739340612119252
2013-07-18,0.6235761743104367,-0.9671126646289684,-0.3822701663606787,0.34882996103111674
2013-07-20,-0.3684115274336616,-1.1114056410764546,-0.6747085538284798,-0.09842945157990357
2013-07-22,-0.345982786621301,1.9153365875651756,-0.7391735856095973,0.7003697371952146
2013-07-24,0.08092110317630585,-0.0748588100670779,0.3285187778347072,-0.16350300218348113
2013-07-26,-0.8298284946216593,-0.401288215026511,0.42265448482855844,-0.4548404141426426
2013-07-28,1.4765034895806728,-0.007914675548516659,0.19857284822680393,1.1839731717057527
2013-07-30,-0.06009141141113494,0.8620752805829536,1.140638365735795,-0.8269187036166709
2013-08-01,-0.3659922240750426,-0.3130691910354685,-0.13385304099179918,-0.1672660830207891
2013-08-03,-0.32770713308398086,0.7744729782339573,-0.5613501135182435,-0.8764398255486376
2013-08-05,0.19778863313105216,-0.8195942590111438,0.1597623365972653,-0.13584603180321012
2013-08-07,-0.9251743432964684,-1.2478570464731784,0.04185006017209904,-0.6407469646199807
2013-08-09,0.7234889115868997,-1.179419815835881,-0.6139419390236636,-0.12733669955957552
2013-08-11,-1.0919230960686508,0.29447300349591027,0.36260291707625314,1.1773223008211264
2013-08-13,0.5639555377890234,0.8692532110070861,-0.31098979748479677,0.7839101087303861
2013-08-15,1.0636028467315666,0.11779827332712295,0.8012359598161638,0.8496438396433501
2013-08-17,0.4757013712836472,-0.8715930272252005,0.7699045534163658,-0.8757762324704184
2013-08-19,0.2786486356288773,1.2394786177342247,-0.49632041981881053,-0.8244613742879207
2013-08-21,-0.559807817876795,0.8091167240839447,-0.2594264748403663,-0.3378553012008015
2013-08-23,-0.9536620792245978,-0.6334529203482195,0.865079235756849,-0.4499948188639949
2013-08-25,0.23244650806911718,0.6203871923598234,1.2364796854343507,0.6250604627004401
2013-08-27,-0.6910918345538083,-0.29357451986953,-0.4557296789916365,0.14205069920963775
2013-08-29,-0.5599473655534025,0.6539232874856777,-1.6292042217108884,0.3369589430879936
2013-08-31,0.020951017320482934,-0.5120934977792064,0.31102698024574227,-0.6426945567895634
2013-09-02,-1.1782116745246534,0.17335807936285375,0.853161648112467,0.1741377814872695
2013-09-04,-0.17333827856268166,-0.2855291687597965,0.9155903969148375,0.23790641622475162
2013-09-06,0.04980881440104851,0.8812331787043943,-0.49405611532043225,-0.30629973825976137
2013-09-08,0.42864324098274975,-0.9430893051616909,-0.7147486186780938,-1.1202238884565
2013-09-10,0.7852866741919755,1.1640357939517132,-0.05211228780648567,-0.19510606617408122
2013-09-12,-0.4825910809211831,-0.012595689158248768,0.4662696727035832,-0.11994173561023974
2013-09-14,-0.7791345720142213,0.652528722147562,0.42940855679381584,0.4060597396748713
2013-09-16,-0.4011818064754326,-0.9826132896799635,0.021378627154888974,1.9591507192619622
2013-09-18,0.12995255771573822,-0.09222615348506691,0.5408753961159212,0.6324170273638426
2013-09-20,-0.006482621533390853,0.3945183472943115,-0.6442530939087006,-0.03306215621453942
2013-09-22,-0.91909730194776,-0.9260264001021741,-0.1522483114834719,0.3578468321438177
2013-09-24,0.6068801722350605,0.05025708794009523,0.4886907412441087,-0.2341100596183808
2013-09-26,-0.4991361581511067,0.12819179169077954,0.368322323022623,0.04968979227852058
2013-09-28,0.05347940000895046,0.3021992436808057,0.5062280555894315,-0.0447204754895143
2013-09-30,-0.3963489855168973,0.2567885525783586,0.5576684446747411,0.06313469602807001
2013-10-02,0.29034334755929,0.24159083081487676,0.24445398216140574,0.3231304337696908
2013-10-04,-0.5667299642331955,0.3842687700662576,-0.5280910645813504,0.23308063713172847
2013-10-06,1.1149964185091126,0.2307405206724415,-0.36194958295317625,-1.2037162868685807
2013-10-08,-0.7267905638000647,0.8116842576334428,0.9174119780607044,0.6385961677552504
2013-10-10,0.23465667258877398,0.25266189852571036,-1.1538195692850708,0.5582205674531276
2013-10-12,-0.11068217906195525,-0.3836392857918514,0.6015685084188319,-0.3549600745774826
2013-10-14,0.837784595957516,-1.7412858955692379,-0.4778410071250644,-0.18312166547181863
2013-10-16,-0.03197656745874847,0.19580559440979503,-0.5846727818820927,-0.10733696398900017
2013-10-18,0.14039839403257592,0.7344143331881957,-0.3004830626082107,-0.9142198669503384
2013-10-20,1.0098688512194927,0.597835391311248,-1.047478077541293,0.5096691539707934
2013-10-22,0.22854337769987798,0.020293368657258948,-0.4764638268447123,-0.4441150619474933
2013-10-24,0.082094236889352,0.584408045203906,-0.10013931900857272,-1.2229387860034084
2013-10-26,-0.19356311561720252,2.3570013305383215,0.5184591932228139,0.4786506794029117
2013-10-28,-0.13129380604340884,-0.4589590958411252,-0.42024952439389013,0.48230706536598433
2013-10-30,0.014105832914430128,-1.1188858898452254,1.0686742082885143,0.07195076023194547
2013-11-01,0.2769875522321748,1.650812874902842,-0.7502523308110032,-0.9186270638620071
2013-11-03,-0.3290111157659819,0.2482825903122564,0.36309827498834635,-0.43188693477850437
2013-11-05,-0.42495029801111955,0.749070791545008,0.04753917432442317,-0.754852976058332
2013-11-07,0.7506828338542486,-0.8328616808381677,0.24940530244767645,-0.30129478449616826
2013-11-09,0.5270569946657362,0.9079219000603345,-0.06395690339799448,0.5275436556089206
2013-11-11,-0.13640501022577572,0.11332485309138757,-1.5473584891239436,0.5153516990004484
2013-11-13,0.5842489421184309,0.6936011450329578,0.07853718979933155,0.4127738340781537
2013-11-15,1.458468104894354,-0.7152851636266163,-0.6836507582860023,0.4568925639078386
2013-11-17,0.35284213481977217,-0.39809864479257284,-0.22959200506979593,-0.10046093335376421
2013-11-19,-0.40492053142549234,-0.13119039664657137,-0.05054576980131244,0.12129434836055614
2013-11-21,-0.5463396810500118,-0.32030593600211055,1.1265169956638201,-0.8499942456568016
2013-11-23,0.22982716230643352,0.20062333043183944,-0.6311338612065603,0.049065630714996256
2013-11-25,0.7689504592257621,0.4057871333229648,-0.8565626072883001,-0.18127386511026
2013-11-27,-0.020904143915032203,-0.8495320886599067,0.2945937967523112,0.09997362883969438
2013-11-29,1.028241951200787,-1.0439604857129594,1.3907498525742403,-0.9608653945512444
2013-12-01,0.5848792066533506,-0.9280379006402671,-0.07808227284789965,0.881145116888522
2013-12-03,0.6692094355283685,-0.6725845206154719,0.8712568379960063,0.9625874615738966
2013-12-05,-0.6938090678361595,1.2965529698444755,-0.2984260704912502,-0.5675625325368834
2013-12-07,0.4631542622856551,-0.09543294197490118,-1.3447964795037353,-0.7707439748171896
2013-12-09,-0.09964085484674409,-0.6777232411878312,0.8587955884931784,-0.3120464853333059
2013-12-11,0.5415358355189139,-0.9388491396246056,0.5656800246553154,1.5788403046549528
2013-12-13,-0.5565061368863357,-0.7764127122066946,0.5714259606867257,-0.16601558033542071
2013-12-15,0.8750327861896424,-0.23841821377706401,0.08412766951806461,0.33383996664024995
2013-12-17,0.5464202629751251,0.044591041532296816,0.6873461817638391,-0.0767228732067967
2013-12-19,-0.022100761459825178,-0.6390782943278239,0.7086305233697879,-0.4249299355226962
2013-12-21,-0.19708409303303817,1.1286048110327602,-0.7013516061172322,-0.5609300606139558
2013-12-23,-0.7334434120719199,0.6000885118106785,0.3645030650898439,-0.5808419414618319
2013-12-25,0.34481400405539003,-0.4100390028338639,0.32488419168384997,0.6214353965190413
2013-12-27,-0.5819607814828216,-0.5010676638505965,0.6419965970349536,0.2168765385676136
2013-12-29,0.06196588102694892,-1.3149501643064538,-0.490149328395582,-0.6692922800290602
2013-12-31,1.8431098160781536,-0.8582689424813492,-1.0666174084084972,-1.1286432425258648
